3.48E+00	-4.40E+01	0.00E+00
3.49E+00	-4.44E+01	1.19E-02
3.50E+00	-4.39E+01	3.02E-02
3.52E+00	-4.34E+01	5.83E-02
3.53E+00	-4.38E+01	1.00E-01
3.54E+00	-4.41E+01	1.61E-01
3.56E+00	-4.47E+01	2.47E-01
3.57E+00	-4.48E+01	2.85E-01
3.58E+00	-4.50E+01	1.97E-01
3.60E+00	-4.51E+01	6.13E-02
3.61E+00	-4.52E+01	5.91E-02
3.62E+00	-4.55E+01	7.31E-02
3.64E+00	-4.57E+01	3.15E-02
3.65E+00	-4.58E+01	4.45E-02
3.66E+00	-4.56E+01	6.89E-02
3.68E+00	-4.54E+01	9.96E-02
3.69E+00	-4.53E+01	9.51E-02
3.70E+00	-4.52E+01	4.83E-02
3.72E+00	-4.47E+01	1.09E-01
3.73E+00	-4.41E+01	1.66E-01
3.74E+00	-4.32E+01	2.10E-01
3.76E+00	-4.29E+01	3.28E-01
3.77E+00	-4.26E+01	7.17E-01
3.78E+00	-4.24E+01	1.05E+00
3.80E+00	-4.26E+01	1.29E+00
3.81E+00	-4.27E+01	1.36E+00
3.82E+00	-4.27E+01	1.31E+00
3.84E+00	-4.28E+01	1.27E+00
3.85E+00	-4.26E+01	1.30E+00
3.86E+00	-4.23E+01	1.29E+00
3.88E+00	-4.19E+01	1.33E+00
3.89E+00	-4.14E+01	1.40E+00
3.90E+00	-4.08E+01	1.51E+00
3.92E+00	-4.01E+01	1.58E+00
3.93E+00	-3.94E+01	1.58E+00
3.94E+00	-3.89E+01	1.57E+00
3.96E+00	-3.85E+01	1.58E+00
3.97E+00	-3.81E+01	1.62E+00
3.98E+00	-3.75E+01	1.70E+00
4.00E+00	-3.69E+01	1.76E+00
4.01E+00	-3.62E+01	1.86E+00
4.02E+00	-3.56E+01	1.85E+00
4.04E+00	-3.50E+01	1.91E+00
4.05E+00	-3.46E+01	1.98E+00
4.06E+00	-3.40E+01	1.95E+00
4.08E+00	-3.37E+01	1.89E+00
4.09E+00	-3.31E+01	1.92E+00
4.11E+00	-3.19E+01	2.05E+00
4.12E+00	-3.07E+01	2.13E+00
4.13E+00	-2.96E+01	2.24E+00
4.15E+00	-2.88E+01	2.15E+00
4.16E+00	-2.81E+01	2.25E+00
4.17E+00	-2.72E+01	2.27E+00
4.19E+00	-2.65E+01	2.24E+00
4.20E+00	-2.57E+01	2.21E+00
4.21E+00	-2.49E+01	2.18E+00
4.23E+00	-2.39E+01	2.24E+00
4.24E+00	-2.30E+01	2.29E+00
4.25E+00	-2.23E+01	2.31E+00
4.27E+00	-2.18E+01	2.30E+00
4.28E+00	-2.13E+01	2.45E+00
4.29E+00	-2.07E+01	2.55E+00
4.31E+00	-2.00E+01	2.65E+00
4.32E+00	-1.95E+01	2.85E+00
4.33E+00	-1.90E+01	3.16E+00
4.35E+00	-1.85E+01	3.22E+00
4.36E+00	-1.88E+01	3.20E+00
4.37E+00	-1.88E+01	3.21E+00
4.39E+00	-1.86E+01	3.19E+00
4.40E+00	-1.84E+01	3.21E+00
4.41E+00	-1.80E+01	3.33E+00
4.43E+00	-1.76E+01	3.38E+00
4.44E+00	-1.72E+01	3.29E+00
4.45E+00	-1.71E+01	3.26E+00
4.47E+00	-1.68E+01	3.23E+00
4.48E+00	-1.66E+01	3.23E+00
4.49E+00	-1.66E+01	3.25E+00
4.51E+00	-1.65E+01	3.27E+00
4.52E+00	-1.61E+01	3.26E+00
4.53E+00	-1.60E+01	3.26E+00
4.55E+00	-1.58E+01	3.27E+00
4.56E+00	-1.55E+01	3.28E+00
4.57E+00	-1.52E+01	3.27E+00
4.59E+00	-1.50E+01	3.27E+00
4.60E+00	-1.46E+01	3.27E+00
4.61E+00	-1.42E+01	3.27E+00
4.63E+00	-1.36E+01	3.27E+00
4.64E+00	-1.30E+01	3.27E+00
4.65E+00	-1.22E+01	3.28E+00
4.67E+00	-1.13E+01	3.29E+00
4.68E+00	-1.07E+01	3.29E+00
4.69E+00	-1.03E+01	3.29E+00
4.71E+00	-9.49E+00	3.31E+00
4.72E+00	-9.03E+00	3.35E+00
4.73E+00	-8.85E+00	3.41E+00
4.75E+00	-8.47E+00	3.42E+00
4.76E+00	-8.09E+00	3.45E+00
4.77E+00	-7.67E+00	3.46E+00
4.79E+00	-7.15E+00	3.49E+00
4.80E+00	-6.77E+00	3.48E+00
4.81E+00	-6.30E+00	3.48E+00
4.83E+00	-5.80E+00	3.43E+00
4.84E+00	-5.26E+00	3.40E+00
4.86E+00	-4.77E+00	3.39E+00
4.87E+00	-4.25E+00	3.39E+00
4.88E+00	-4.05E+00	3.39E+00
4.90E+00	-3.91E+00	3.39E+00
4.91E+00	-3.61E+00	3.40E+00
4.92E+00	-3.61E+00	3.40E+00
4.94E+00	-3.47E+00	3.41E+00
4.95E+00	-3.21E+00	3.41E+00
4.96E+00	-3.30E+00	3.41E+00
4.98E+00	-3.20E+00	3.41E+00
4.99E+00	-3.00E+00	3.43E+00
5.00E+00	-2.80E+00	3.41E+00
5.02E+00	-3.10E+00	3.41E+00
5.03E+00	-3.17E+00	3.41E+00
5.04E+00	-3.05E+00	3.41E+00
5.06E+00	-2.95E+00	3.41E+00
5.07E+00	-2.85E+00	3.41E+00
5.08E+00	-2.66E+00	3.42E+00
5.10E+00	-2.72E+00	3.43E+00
5.11E+00	-2.96E+00	3.45E+00
5.12E+00	-3.06E+00	3.47E+00
5.14E+00	-2.90E+00	3.48E+00
5.15E+00	-2.82E+00	3.49E+00
5.16E+00	-3.00E+00	3.48E+00
5.18E+00	-3.24E+00	3.48E+00
5.19E+00	-3.16E+00	3.49E+00
5.20E+00	-3.37E+00	3.49E+00
5.22E+00	-3.39E+00	3.49E+00
5.23E+00	-3.11E+00	3.50E+00
5.24E+00	-2.99E+00	3.50E+00
5.26E+00	-2.95E+00	3.50E+00
5.27E+00	-3.09E+00	3.50E+00
5.28E+00	-3.14E+00	3.49E+00
5.30E+00	-3.01E+00	3.49E+00
5.31E+00	-3.11E+00	3.50E+00
5.32E+00	-3.19E+00	3.50E+00
5.34E+00	-3.23E+00	3.54E+00
5.35E+00	-3.20E+00	3.53E+00
5.36E+00	-3.11E+00	3.54E+00
5.38E+00	-2.84E+00	3.58E+00
5.39E+00	-2.53E+00	3.59E+00
5.40E+00	-2.19E+00	3.64E+00
5.42E+00	-1.83E+00	3.65E+00
5.43E+00	-1.56E+00	3.66E+00
5.44E+00	-1.45E+00	3.72E+00
5.46E+00	-1.52E+00	3.75E+00
5.47E+00	-1.74E+00	3.76E+00
5.48E+00	-1.75E+00	3.66E+00
5.50E+00	-1.98E+00	3.67E+00
5.51E+00	-1.90E+00	3.66E+00
5.52E+00	-1.98E+00	3.65E+00
5.54E+00	-1.93E+00	3.66E+00
5.55E+00	-1.99E+00	3.66E+00
5.57E+00	-2.05E+00	3.66E+00
5.58E+00	-2.14E+00	3.65E+00
5.59E+00	-1.94E+00	3.66E+00
5.61E+00	-1.89E+00	3.66E+00
5.62E+00	-1.93E+00	3.65E+00
5.63E+00	-1.87E+00	3.66E+00
5.65E+00	-1.84E+00	3.66E+00
5.66E+00	-1.71E+00	3.66E+00
5.67E+00	-1.69E+00	3.66E+00
5.69E+00	-1.54E+00	3.66E+00
5.70E+00	-1.56E+00	3.66E+00
5.71E+00	-1.42E+00	3.66E+00
5.73E+00	-1.31E+00	3.66E+00
5.74E+00	-1.08E+00	3.67E+00
5.75E+00	-1.23E+00	3.67E+00
5.77E+00	-1.07E+00	3.67E+00
5.78E+00	-1.00E+00	3.67E+00
5.79E+00	-1.10E+00	3.67E+00
5.81E+00	-1.09E+00	3.67E+00
5.82E+00	-1.04E+00	3.67E+00
5.83E+00	-1.14E+00	3.67E+00
5.85E+00	-9.32E-01	3.67E+00
5.86E+00	-9.11E-01	3.67E+00
5.87E+00	-8.63E-01	3.68E+00
5.89E+00	-6.59E-01	3.67E+00
5.90E+00	-6.87E-01	3.68E+00
5.91E+00	-6.92E-01	3.67E+00
5.93E+00	-9.50E-01	3.67E+00
5.94E+00	-9.08E-01	3.68E+00
5.95E+00	-9.05E-01	3.68E+00
5.97E+00	-9.45E-01	3.68E+00
5.98E+00	-9.36E-01	3.68E+00
5.99E+00	-7.07E-01	3.68E+00
6.01E+00	-5.86E-01	3.68E+00
6.02E+00	-4.28E-01	3.68E+00
6.03E+00	-4.95E-01	3.69E+00
6.05E+00	-7.06E-01	3.68E+00
6.06E+00	-7.73E-01	3.67E+00
6.07E+00	-6.86E-01	3.68E+00
