3.41E+00	-7.60E+01	0.00E+00
3.43E+00	-7.61E+01	5.08E-02
3.44E+00	-7.58E+01	1.21E-01
3.45E+00	-7.62E+01	2.14E-01
3.47E+00	-7.64E+01	3.29E-01
3.48E+00	-7.70E+01	3.64E-01
3.50E+00	-7.71E+01	9.81E-02
3.51E+00	-7.69E+01	2.61E-01
3.52E+00	-7.68E+01	1.96E-01
3.54E+00	-7.66E+01	1.30E-01
3.55E+00	-7.64E+01	1.40E-01
3.56E+00	-7.64E+01	2.22E-01
3.58E+00	-7.59E+01	2.66E-01
3.59E+00	-7.56E+01	3.59E-01
3.61E+00	-7.54E+01	3.96E-01
3.62E+00	-7.49E+01	3.47E-01
3.63E+00	-7.45E+01	2.24E-01
3.65E+00	-7.42E+01	2.94E-01
3.66E+00	-7.34E+01	4.67E-01
3.67E+00	-7.30E+01	5.82E-01
3.69E+00	-7.27E+01	7.30E-01
3.70E+00	-7.23E+01	8.65E-01
3.72E+00	-7.18E+01	9.72E-01
3.73E+00	-7.16E+01	1.06E+00
3.74E+00	-7.16E+01	1.14E+00
3.76E+00	-7.14E+01	1.25E+00
3.77E+00	-7.14E+01	1.24E+00
3.78E+00	-7.09E+01	1.42E+00
3.80E+00	-7.03E+01	1.56E+00
3.81E+00	-6.93E+01	1.69E+00
3.83E+00	-6.80E+01	1.65E+00
3.84E+00	-6.65E+01	1.59E+00
3.85E+00	-6.54E+01	1.61E+00
3.87E+00	-6.44E+01	1.69E+00
3.88E+00	-6.34E+01	1.77E+00
3.89E+00	-6.25E+01	1.85E+00
3.91E+00	-6.14E+01	1.88E+00
3.92E+00	-6.03E+01	1.97E+00
3.94E+00	-5.95E+01	1.97E+00
3.95E+00	-5.84E+01	1.99E+00
3.96E+00	-5.73E+01	2.02E+00
3.98E+00	-5.65E+01	2.01E+00
3.99E+00	-5.51E+01	1.99E+00
4.01E+00	-5.32E+01	1.96E+00
4.02E+00	-5.21E+01	1.90E+00
4.03E+00	-5.11E+01	1.99E+00
4.05E+00	-5.05E+01	2.08E+00
4.06E+00	-5.00E+01	2.09E+00
4.07E+00	-4.90E+01	2.03E+00
4.09E+00	-4.81E+01	2.07E+00
4.10E+00	-4.71E+01	2.05E+00
4.12E+00	-4.57E+01	2.04E+00
4.13E+00	-4.46E+01	2.01E+00
4.14E+00	-4.35E+01	2.09E+00
4.16E+00	-4.25E+01	2.12E+00
4.17E+00	-4.16E+01	2.02E+00
4.18E+00	-4.08E+01	1.91E+00
4.20E+00	-4.05E+01	1.92E+00
4.21E+00	-4.00E+01	1.92E+00
4.23E+00	-3.96E+01	1.95E+00
4.24E+00	-3.88E+01	1.97E+00
4.25E+00	-3.83E+01	2.00E+00
4.27E+00	-3.78E+01	2.02E+00
4.28E+00	-3.74E+01	1.95E+00
4.29E+00	-3.71E+01	1.91E+00
4.31E+00	-3.66E+01	1.89E+00
4.32E+00	-3.64E+01	1.87E+00
4.34E+00	-3.62E+01	1.89E+00
4.35E+00	-3.60E+01	1.87E+00
4.36E+00	-3.55E+01	1.86E+00
4.38E+00	-3.48E+01	1.86E+00
4.39E+00	-3.41E+01	1.84E+00
4.40E+00	-3.37E+01	1.84E+00
4.42E+00	-3.32E+01	1.83E+00
4.43E+00	-3.26E+01	1.83E+00
4.45E+00	-3.20E+01	1.84E+00
4.46E+00	-3.16E+01	1.84E+00
4.47E+00	-3.10E+01	1.85E+00
4.49E+00	-3.04E+01	1.87E+00
4.50E+00	-2.97E+01	1.88E+00
4.51E+00	-2.89E+01	1.89E+00
4.53E+00	-2.81E+01	1.91E+00
4.54E+00	-2.75E+01	1.93E+00
4.56E+00	-2.70E+01	1.97E+00
4.57E+00	-2.71E+01	2.02E+00
4.58E+00	-2.67E+01	2.05E+00
4.60E+00	-2.63E+01	2.12E+00
4.61E+00	-2.61E+01	2.09E+00
4.62E+00	-2.59E+01	2.03E+00
4.64E+00	-2.56E+01	2.06E+00
4.65E+00	-2.52E+01	2.05E+00
4.67E+00	-2.48E+01	2.06E+00
4.68E+00	-2.45E+01	2.07E+00
4.69E+00	-2.42E+01	2.08E+00
4.71E+00	-2.39E+01	2.08E+00
4.72E+00	-2.37E+01	2.08E+00
4.73E+00	-2.34E+01	2.08E+00
4.75E+00	-2.30E+01	2.08E+00
4.76E+00	-2.23E+01	2.11E+00
4.78E+00	-2.16E+01	2.14E+00
4.79E+00	-2.07E+01	2.22E+00
4.80E+00	-1.94E+01	2.22E+00
4.82E+00	-1.85E+01	2.31E+00
4.83E+00	-1.73E+01	2.33E+00
4.84E+00	-1.59E+01	2.27E+00
4.86E+00	-1.48E+01	2.33E+00
4.87E+00	-1.36E+01	2.23E+00
4.89E+00	-1.26E+01	2.20E+00
4.90E+00	-1.16E+01	2.22E+00
4.91E+00	-1.06E+01	2.32E+00
4.93E+00	-9.68E+00	2.48E+00
4.94E+00	-9.02E+00	2.51E+00
4.95E+00	-8.84E+00	2.56E+00
4.97E+00	-8.69E+00	2.52E+00
4.98E+00	-8.44E+00	2.52E+00
5.00E+00	-7.87E+00	2.51E+00
5.01E+00	-7.48E+00	2.50E+00
5.02E+00	-7.28E+00	2.50E+00
5.04E+00	-6.92E+00	2.51E+00
5.05E+00	-6.58E+00	2.51E+00
5.06E+00	-6.35E+00	2.50E+00
5.08E+00	-6.02E+00	2.50E+00
5.09E+00	-5.77E+00	2.50E+00
5.11E+00	-5.56E+00	2.51E+00
5.12E+00	-5.39E+00	2.51E+00
5.13E+00	-5.29E+00	2.52E+00
5.15E+00	-5.37E+00	2.52E+00
5.16E+00	-5.34E+00	2.51E+00
5.17E+00	-5.33E+00	2.50E+00
5.19E+00	-5.37E+00	2.50E+00
5.20E+00	-5.38E+00	2.50E+00
5.22E+00	-5.40E+00	2.51E+00
5.23E+00	-5.20E+00	2.50E+00
5.24E+00	-5.12E+00	2.50E+00
5.26E+00	-5.15E+00	2.51E+00
5.27E+00	-5.22E+00	2.52E+00
5.28E+00	-5.06E+00	2.51E+00
5.30E+00	-5.11E+00	2.50E+00
5.31E+00	-5.21E+00	2.50E+00
5.33E+00	-5.11E+00	2.50E+00
5.34E+00	-5.01E+00	2.49E+00
5.35E+00	-4.83E+00	2.49E+00
5.37E+00	-4.72E+00	2.48E+00
5.38E+00	-4.54E+00	2.48E+00
5.40E+00	-4.29E+00	2.48E+00
5.41E+00	-4.07E+00	2.48E+00
5.42E+00	-4.05E+00	2.48E+00
5.44E+00	-4.03E+00	2.48E+00
5.45E+00	-3.93E+00	2.48E+00
5.46E+00	-3.97E+00	2.49E+00
5.48E+00	-3.95E+00	2.50E+00
5.49E+00	-3.53E+00	2.53E+00
5.51E+00	-3.35E+00	2.57E+00
5.52E+00	-3.04E+00	2.57E+00
5.53E+00	-2.88E+00	2.59E+00
5.55E+00	-2.79E+00	2.62E+00
5.56E+00	-2.42E+00	2.64E+00
5.57E+00	-2.22E+00	2.73E+00
5.59E+00	-1.93E+00	2.78E+00
5.60E+00	-1.70E+00	2.78E+00
5.62E+00	-1.33E+00	2.85E+00
5.63E+00	-1.26E+00	2.86E+00
5.64E+00	-1.02E+00	2.86E+00
5.66E+00	-6.97E-01	2.96E+00
5.67E+00	-7.93E-01	3.06E+00
5.68E+00	-6.04E-01	3.20E+00
5.70E+00	-5.76E-01	3.25E+00
5.71E+00	-5.95E-01	3.20E+00
5.73E+00	-6.01E-01	3.16E+00
5.74E+00	-7.88E-01	3.16E+00
5.75E+00	-6.33E-01	3.16E+00
5.77E+00	-5.24E-01	3.17E+00
5.78E+00	-1.36E-01	3.13E+00
5.79E+00	-2.75E-01	3.16E+00
5.81E+00	-5.19E-01	3.17E+00
5.82E+00	-4.48E-01	3.15E+00
5.84E+00	-5.15E-01	3.15E+00
5.85E+00	-5.27E-01	3.16E+00
5.86E+00	-5.30E-01	3.17E+00
5.88E+00	-3.82E-01	3.17E+00
5.89E+00	-4.47E-01	3.17E+00
5.90E+00	-5.99E-01	3.17E+00
5.92E+00	-7.54E-01	3.17E+00
5.93E+00	-6.81E-01	3.18E+00
5.95E+00	-4.47E-01	3.18E+00
5.96E+00	-3.45E-01	3.19E+00
5.97E+00	-1.82E-01	3.18E+00
5.99E+00	-2.63E-01	3.18E+00
6.00E+00	-1.45E-01	3.17E+00
6.01E+00	-2.18E-01	3.17E+00
6.03E+00	-2.20E-01	3.17E+00
6.04E+00	-3.57E-01	3.16E+00
6.06E+00	-3.64E-01	3.16E+00
6.07E+00	0.00E+00	3.16E+00
6.08E+00	-1.48E-01	3.16E+00
6.10E+00	-4.02E-01	3.17E+00
6.11E+00	-3.42E-01	3.17E+00
6.12E+00	-1.90E+00	3.17E+00
6.14E+00	-1.65E+00	3.17E+00
6.15E+00	-5.31E-01	3.17E+00
