3.70E+00	-5.56E+01	0.00E+00
3.71E+00	-5.69E+01	7.73E-01
3.73E+00	-5.68E+01	1.08E+00
3.74E+00	-5.66E+01	8.34E-01
3.75E+00	-5.63E+01	6.86E-01
3.77E+00	-5.66E+01	6.39E-01
3.78E+00	-5.66E+01	9.27E-01
3.80E+00	-5.65E+01	1.18E+00
3.81E+00	-5.63E+01	1.49E+00
3.82E+00	-5.58E+01	1.89E+00
3.84E+00	-5.52E+01	2.26E+00
3.85E+00	-5.46E+01	2.47E+00
3.86E+00	-5.38E+01	2.64E+00
3.88E+00	-5.32E+01	2.77E+00
3.89E+00	-5.26E+01	2.85E+00
3.90E+00	-5.19E+01	2.89E+00
3.92E+00	-5.10E+01	2.99E+00
3.93E+00	-5.04E+01	3.06E+00
3.95E+00	-4.93E+01	3.11E+00
3.96E+00	-4.84E+01	3.24E+00
3.97E+00	-4.76E+01	3.37E+00
3.99E+00	-4.67E+01	3.62E+00
4.00E+00	-4.60E+01	3.87E+00
4.01E+00	-4.52E+01	3.97E+00
4.03E+00	-4.41E+01	4.08E+00
4.04E+00	-4.29E+01	4.01E+00
4.05E+00	-4.19E+01	3.88E+00
4.07E+00	-4.11E+01	3.93E+00
4.08E+00	-4.08E+01	3.96E+00
4.09E+00	-3.99E+01	3.90E+00
4.11E+00	-3.91E+01	3.88E+00
4.12E+00	-3.82E+01	3.86E+00
4.14E+00	-3.73E+01	3.86E+00
4.15E+00	-3.66E+01	3.86E+00
4.16E+00	-3.59E+01	3.86E+00
4.18E+00	-3.53E+01	3.88E+00
4.19E+00	-3.48E+01	3.91E+00
4.20E+00	-3.47E+01	3.94E+00
4.22E+00	-3.44E+01	3.94E+00
4.23E+00	-3.39E+01	3.94E+00
4.24E+00	-3.36E+01	3.93E+00
4.26E+00	-3.27E+01	3.92E+00
4.27E+00	-3.15E+01	3.91E+00
4.29E+00	-3.09E+01	3.91E+00
4.30E+00	-2.96E+01	3.92E+00
4.31E+00	-2.84E+01	3.81E+00
4.33E+00	-2.87E+01	3.81E+00
4.34E+00	-2.83E+01	3.81E+00
4.35E+00	-2.78E+01	3.84E+00
4.37E+00	-2.75E+01	3.88E+00
4.38E+00	-2.77E+01	3.92E+00
4.39E+00	-2.82E+01	3.95E+00
4.41E+00	-2.81E+01	4.02E+00
4.42E+00	-2.80E+01	4.08E+00
4.43E+00	-2.77E+01	4.17E+00
4.45E+00	-2.75E+01	4.25E+00
4.46E+00	-2.71E+01	4.36E+00
4.48E+00	-2.67E+01	4.49E+00
4.49E+00	-2.60E+01	4.61E+00
4.50E+00	-2.54E+01	4.71E+00
4.52E+00	-2.50E+01	4.77E+00
4.53E+00	-2.47E+01	4.82E+00
4.54E+00	-2.44E+01	4.84E+00
4.56E+00	-2.44E+01	4.90E+00
4.57E+00	-2.44E+01	4.88E+00
4.58E+00	-2.44E+01	4.86E+00
4.60E+00	-2.43E+01	4.85E+00
4.61E+00	-2.41E+01	4.84E+00
4.63E+00	-2.37E+01	4.84E+00
4.64E+00	-2.33E+01	4.84E+00
4.65E+00	-2.28E+01	4.84E+00
4.67E+00	-2.24E+01	4.84E+00
4.68E+00	-2.19E+01	4.84E+00
4.69E+00	-2.10E+01	4.83E+00
4.71E+00	-2.04E+01	4.85E+00
4.72E+00	-1.92E+01	4.84E+00
4.73E+00	-1.86E+01	4.86E+00
4.75E+00	-1.79E+01	4.89E+00
4.76E+00	-1.73E+01	4.89E+00
4.77E+00	-1.67E+01	4.89E+00
4.79E+00	-1.60E+01	4.88E+00
4.80E+00	-1.51E+01	4.88E+00
4.82E+00	-1.46E+01	4.89E+00
4.83E+00	-1.41E+01	4.91E+00
4.84E+00	-1.36E+01	4.93E+00
4.86E+00	-1.34E+01	4.89E+00
4.87E+00	-1.34E+01	4.86E+00
4.88E+00	-1.27E+01	4.85E+00
4.90E+00	-1.19E+01	4.80E+00
4.91E+00	-1.14E+01	4.76E+00
4.92E+00	-1.10E+01	4.77E+00
4.94E+00	-1.06E+01	4.78E+00
4.95E+00	-1.03E+01	4.78E+00
4.96E+00	-9.83E+00	4.78E+00
4.98E+00	-9.39E+00	4.77E+00
4.99E+00	-8.95E+00	4.79E+00
5.01E+00	-8.62E+00	4.80E+00
5.02E+00	-8.19E+00	4.80E+00
5.03E+00	-7.91E+00	4.80E+00
5.05E+00	-7.77E+00	4.81E+00
5.06E+00	-7.47E+00	4.82E+00
5.07E+00	-7.25E+00	4.80E+00
5.09E+00	-6.89E+00	4.79E+00
5.10E+00	-6.57E+00	4.81E+00
5.11E+00	-6.42E+00	4.80E+00
5.13E+00	-6.34E+00	4.80E+00
5.14E+00	-6.01E+00	4.79E+00
5.16E+00	-5.91E+00	4.79E+00
5.17E+00	-5.65E+00	4.79E+00
5.18E+00	-5.61E+00	4.78E+00
5.20E+00	-5.55E+00	4.78E+00
5.21E+00	-5.28E+00	4.80E+00
5.22E+00	-5.08E+00	4.79E+00
5.24E+00	-4.76E+00	4.81E+00
5.25E+00	-4.45E+00	4.82E+00
5.26E+00	-4.61E+00	4.83E+00
5.28E+00	-4.43E+00	4.83E+00
5.29E+00	-4.09E+00	4.83E+00
5.30E+00	-3.99E+00	4.86E+00
5.32E+00	-3.54E+00	4.87E+00
5.33E+00	-3.37E+00	4.88E+00
5.35E+00	-3.04E+00	4.89E+00
5.36E+00	-3.05E+00	4.90E+00
5.37E+00	-2.93E+00	4.91E+00
5.39E+00	-3.00E+00	4.91E+00
5.40E+00	-2.96E+00	4.91E+00
5.41E+00	-3.10E+00	4.91E+00
5.43E+00	-2.80E+00	4.90E+00
5.44E+00	-2.61E+00	4.91E+00
5.45E+00	-2.68E+00	4.91E+00
5.47E+00	-3.04E+00	4.90E+00
5.48E+00	-3.22E+00	4.90E+00
5.50E+00	-3.27E+00	4.93E+00
5.51E+00	-3.58E+00	4.96E+00
5.52E+00	-3.52E+00	4.97E+00
5.54E+00	-3.07E+00	4.99E+00
5.55E+00	-2.89E+00	5.01E+00
5.56E+00	-2.66E+00	4.99E+00
5.58E+00	-2.84E+00	4.96E+00
5.59E+00	-3.08E+00	4.94E+00
5.60E+00	-3.12E+00	4.95E+00
5.62E+00	-3.23E+00	4.96E+00
5.63E+00	-3.22E+00	4.97E+00
5.64E+00	-3.10E+00	4.98E+00
5.66E+00	-3.02E+00	4.98E+00
5.67E+00	-2.85E+00	4.97E+00
5.69E+00	-2.62E+00	4.97E+00
5.70E+00	-2.46E+00	4.98E+00
5.71E+00	-2.38E+00	4.98E+00
5.73E+00	-2.43E+00	4.98E+00
5.74E+00	-2.31E+00	4.98E+00
5.75E+00	-2.04E+00	4.98E+00
5.77E+00	-1.98E+00	4.97E+00
5.78E+00	-1.99E+00	4.97E+00
5.79E+00	-1.81E+00	4.97E+00
5.81E+00	-1.54E+00	4.97E+00
5.82E+00	-1.93E+00	4.97E+00
5.84E+00	-2.28E+00	4.97E+00
5.85E+00	-2.32E+00	4.98E+00
5.86E+00	-2.06E+00	4.97E+00
5.88E+00	-2.02E+00	4.97E+00
5.89E+00	-1.88E+00	4.97E+00
5.90E+00	-1.66E+00	4.97E+00
5.92E+00	-1.76E+00	4.98E+00
5.93E+00	-1.68E+00	4.99E+00
5.94E+00	-1.67E+00	5.00E+00
5.96E+00	-1.54E+00	4.99E+00
5.97E+00	-1.61E+00	5.00E+00
5.98E+00	-1.75E+00	5.03E+00
6.00E+00	-1.80E+00	5.05E+00
6.01E+00	-1.99E+00	5.06E+00
6.03E+00	-1.90E+00	5.04E+00
6.04E+00	-2.24E+00	4.97E+00
6.05E+00	-2.00E+00	4.96E+00
6.07E+00	-1.54E+00	4.95E+00
6.08E+00	-9.16E-01	4.97E+00
6.09E+00	-9.60E-01	4.97E+00
6.11E+00	-9.00E-01	4.97E+00
6.12E+00	-1.00E+00	4.98E+00
6.13E+00	-9.65E-01	4.98E+00
6.15E+00	-8.67E-01	4.97E+00
6.16E+00	-7.53E-01	4.97E+00
6.17E+00	-7.95E-01	4.96E+00
6.19E+00	-6.64E-01	4.95E+00
6.20E+00	-6.79E-01	4.95E+00
6.22E+00	-5.09E-01	4.96E+00
6.23E+00	-3.85E-01	4.95E+00
6.24E+00	-3.44E-01	4.96E+00
6.26E+00	-3.45E-01	4.95E+00
6.27E+00	-2.57E-01	4.95E+00
6.28E+00	-1.36E-01	4.95E+00
6.30E+00	-1.67E-01	4.97E+00
6.31E+00	-1.12E-01	4.95E+00
6.32E+00	-3.59E-01	4.92E+00
6.34E+00	-3.63E-01	4.92E+00
6.35E+00	-5.29E-01	4.92E+00
6.37E+00	0.00E+00	4.94E+00
6.38E+00	-7.49E-01	4.93E+00
6.39E+00	-1.98E+00	4.94E+00
6.41E+00	-1.38E+00	4.94E+00
