# This file was created Tue Sep 15 07:38:39 2020
# Created by:
#                   :-) GROMACS - gmx wham, VERSION 5.1.4 (-:
# 
# Executable:   /Users/apple/apps/gromacs-5.1.4-mpi/bin/gmx_mpi
# Data prefix:  /Users/apple/apps/gromacs-5.1.4-mpi
# Command line:
#   gmx_mpi wham -it tpr-files.dat -ix pullx-files.dat -nBootstrap 100
# gmx wham is part of G R O M A C S:
#
# Gromacs Runs On Most of All Computer Systems
#
#@    title "Average and stddev from bootstrapping"
#@    xaxis  label "\xx\f{} (nm)"
#@    yaxis  label "E (kJ mol\S-1\N)"
#@TYPE xy
#@TYPE xydy
3.630561e+00	0.000000e+00	0.000000e+00
3.644024e+00	-1.402514e+00	1.022008e-01
3.657486e+00	-2.683816e-01	2.188238e-01
3.670948e+00	1.135250e+00	3.503241e-01
3.684410e+00	2.540702e+00	4.967805e-01
3.697873e+00	4.320285e+00	3.001724e-01
3.711335e+00	5.329430e+00	3.423809e-01
3.724797e+00	5.942576e+00	5.155771e-01
3.738260e+00	5.909383e+00	5.598948e-01
3.751722e+00	5.639322e+00	4.788503e-01
3.765184e+00	5.614568e+00	4.892883e-01
3.778647e+00	5.815610e+00	4.763759e-01
3.792109e+00	5.936960e+00	4.981217e-01
3.805571e+00	6.113778e+00	4.936135e-01
3.819033e+00	6.191431e+00	4.868587e-01
3.832496e+00	6.271654e+00	4.881118e-01
3.845958e+00	6.382171e+00	5.095722e-01
3.859420e+00	6.549238e+00	5.206753e-01
3.872883e+00	6.730564e+00	5.124260e-01
3.886345e+00	6.922104e+00	4.995429e-01
3.899807e+00	7.147143e+00	5.147659e-01
3.913270e+00	7.571774e+00	5.367536e-01
3.926732e+00	7.724032e+00	5.901056e-01
3.940194e+00	7.872041e+00	6.669580e-01
3.953656e+00	7.887793e+00	7.382785e-01
3.967119e+00	7.867169e+00	8.357215e-01
3.980581e+00	7.883774e+00	8.500389e-01
3.994043e+00	7.910224e+00	8.274717e-01
4.007506e+00	8.114463e+00	8.318716e-01
4.020968e+00	8.189149e+00	8.454727e-01
4.034430e+00	8.494710e+00	8.714516e-01
4.047893e+00	8.945554e+00	9.261564e-01
4.061355e+00	9.353878e+00	1.045514e+00
4.074817e+00	9.859892e+00	1.112461e+00
4.088279e+00	1.047426e+01	1.205322e+00
4.101742e+00	1.120172e+01	1.229068e+00
4.115204e+00	1.193426e+01	1.205317e+00
4.128666e+00	1.258385e+01	1.152254e+00
4.142129e+00	1.325289e+01	1.127098e+00
4.155591e+00	1.382552e+01	1.131739e+00
4.169053e+00	1.442584e+01	1.125791e+00
4.182516e+00	1.479807e+01	1.132212e+00
4.195978e+00	1.546048e+01	1.122812e+00
4.209440e+00	1.619763e+01	1.106402e+00
4.222902e+00	1.662043e+01	1.121048e+00
4.236365e+00	1.712181e+01	1.123035e+00
4.249827e+00	1.744583e+01	1.133813e+00
4.263289e+00	1.774065e+01	1.117086e+00
4.276752e+00	1.805105e+01	1.115195e+00
4.290214e+00	1.844766e+01	1.118691e+00
4.303676e+00	1.879590e+01	1.125357e+00
4.317139e+00	1.910240e+01	1.122718e+00
4.330601e+00	1.934710e+01	1.126070e+00
4.344063e+00	1.967439e+01	1.135168e+00
4.357525e+00	2.008701e+01	1.144227e+00
4.370988e+00	2.027474e+01	1.157764e+00
4.384450e+00	2.059092e+01	1.156469e+00
4.397912e+00	2.060313e+01	1.173507e+00
4.411375e+00	2.067043e+01	1.213013e+00
4.424837e+00	2.053689e+01	1.230964e+00
4.438299e+00	2.042373e+01	1.222428e+00
4.451761e+00	2.032062e+01	1.214690e+00
4.465224e+00	2.030896e+01	1.205166e+00
4.478686e+00	2.026787e+01	1.200039e+00
4.492148e+00	2.036013e+01	1.197639e+00
4.505611e+00	2.047750e+01	1.200484e+00
4.519073e+00	2.052462e+01	1.206920e+00
4.532535e+00	2.065139e+01	1.205087e+00
4.545998e+00	2.073885e+01	1.203765e+00
4.559460e+00	2.085067e+01	1.234812e+00
4.572922e+00	2.120592e+01	1.256474e+00
4.586384e+00	2.148505e+01	1.242963e+00
4.599847e+00	2.165654e+01	1.255332e+00
4.613309e+00	2.196033e+01	1.277868e+00
4.626771e+00	2.214115e+01	1.292608e+00
4.640234e+00	2.237626e+01	1.321567e+00
4.653696e+00	2.253280e+01	1.357723e+00
4.667158e+00	2.280054e+01	1.375948e+00
4.680621e+00	2.301653e+01	1.423302e+00
4.694083e+00	2.325346e+01	1.489535e+00
4.707545e+00	2.341459e+01	1.579357e+00
4.721007e+00	2.362544e+01	1.669335e+00
4.734470e+00	2.393285e+01	1.712126e+00
4.747932e+00	2.413397e+01	1.766106e+00
4.761394e+00	2.428509e+01	1.821990e+00
4.774857e+00	2.433111e+01	1.859809e+00
4.788319e+00	2.449912e+01	1.878231e+00
4.801781e+00	2.449515e+01	1.862110e+00
4.815244e+00	2.462548e+01	1.783389e+00
4.828706e+00	2.467572e+01	1.731228e+00
4.842168e+00	2.499446e+01	1.710856e+00
4.855630e+00	2.568385e+01	1.724570e+00
4.869093e+00	2.632309e+01	1.735296e+00
4.882555e+00	2.669032e+01	1.759623e+00
4.896017e+00	2.681431e+01	1.802433e+00
4.909480e+00	2.703952e+01	1.814058e+00
4.922942e+00	2.746004e+01	1.798735e+00
4.936404e+00	2.785377e+01	1.824360e+00
4.949867e+00	2.825220e+01	1.838919e+00
4.963329e+00	2.855037e+01	1.854223e+00
4.976791e+00	2.884053e+01	1.884222e+00
4.990253e+00	2.911702e+01	1.883424e+00
5.003716e+00	2.948455e+01	1.865828e+00
5.017178e+00	2.976091e+01	1.880240e+00
5.030640e+00	2.998576e+01	1.882962e+00
5.044103e+00	3.027357e+01	1.882253e+00
5.057565e+00	3.076424e+01	1.890880e+00
5.071027e+00	3.112047e+01	1.900817e+00
5.084490e+00	3.153409e+01	1.915156e+00
5.097952e+00	3.204411e+01	1.918050e+00
5.111414e+00	3.265248e+01	1.914404e+00
5.124876e+00	3.309447e+01	1.926222e+00
5.138339e+00	3.365543e+01	1.929132e+00
5.151801e+00	3.418143e+01	1.936929e+00
5.165263e+00	3.461472e+01	1.933841e+00
5.178726e+00	3.501093e+01	1.923351e+00
5.192188e+00	3.545237e+01	1.918302e+00
5.205650e+00	3.571750e+01	1.926818e+00
5.219113e+00	3.611191e+01	1.926808e+00
5.232575e+00	3.663421e+01	1.921547e+00
5.246037e+00	3.697090e+01	1.911093e+00
5.259499e+00	3.717373e+01	1.902303e+00
5.272962e+00	3.754117e+01	1.901428e+00
5.286424e+00	3.763261e+01	1.907043e+00
5.299886e+00	3.777344e+01	1.907086e+00
5.313349e+00	3.793709e+01	1.904458e+00
5.326811e+00	3.804739e+01	1.906969e+00
5.340273e+00	3.807668e+01	1.913500e+00
5.353736e+00	3.810239e+01	1.926088e+00
5.367198e+00	3.818440e+01	1.961727e+00
5.380660e+00	3.837891e+01	1.993464e+00
5.394122e+00	3.854667e+01	2.014656e+00
5.407585e+00	3.879941e+01	2.049561e+00
5.421047e+00	3.904950e+01	2.105910e+00
5.434509e+00	3.937750e+01	2.127890e+00
5.447972e+00	3.970006e+01	2.163502e+00
5.461434e+00	3.995147e+01	2.177331e+00
5.474896e+00	4.026438e+01	2.166918e+00
5.488359e+00	4.056705e+01	2.169285e+00
5.501821e+00	4.088061e+01	2.164354e+00
5.515283e+00	4.113661e+01	2.160978e+00
5.528745e+00	4.140489e+01	2.161831e+00
5.542208e+00	4.173628e+01	2.163790e+00
5.555670e+00	4.208923e+01	2.166033e+00
5.569132e+00	4.239311e+01	2.167335e+00
5.582595e+00	4.253857e+01	2.165856e+00
5.596057e+00	4.279665e+01	2.163392e+00
5.609519e+00	4.307808e+01	2.170299e+00
5.622982e+00	4.324605e+01	2.173249e+00
5.636444e+00	4.354587e+01	2.179504e+00
5.649906e+00	4.367315e+01	2.184696e+00
5.663368e+00	4.414407e+01	2.182713e+00
5.676831e+00	4.446960e+01	2.183865e+00
5.690293e+00	4.451333e+01	2.184456e+00
5.703755e+00	4.454446e+01	2.186827e+00
5.717218e+00	4.447337e+01	2.185602e+00
5.730680e+00	4.460119e+01	2.184724e+00
5.744142e+00	4.469520e+01	2.187842e+00
5.757605e+00	4.478632e+01	2.188405e+00
5.771067e+00	4.488075e+01	2.191033e+00
5.784529e+00	4.489241e+01	2.190384e+00
5.797991e+00	4.484329e+01	2.189221e+00
5.811454e+00	4.477685e+01	2.193007e+00
5.824916e+00	4.479376e+01	2.188431e+00
5.838378e+00	4.474181e+01	2.187379e+00
5.851841e+00	4.464011e+01	2.187828e+00
5.865303e+00	4.463482e+01	2.181479e+00
5.878765e+00	4.452438e+01	2.181573e+00
5.892228e+00	4.454141e+01	2.182252e+00
5.905690e+00	4.467801e+01	2.181760e+00
5.919152e+00	4.482794e+01	2.180744e+00
5.932614e+00	4.481250e+01	2.180764e+00
5.946077e+00	4.473550e+01	2.180655e+00
5.959539e+00	4.457636e+01	2.181282e+00
5.973001e+00	4.457125e+01	2.179937e+00
5.986464e+00	4.465587e+01	2.179990e+00
5.999926e+00	4.474644e+01	2.180788e+00
6.013388e+00	4.471267e+01	2.180642e+00
6.026851e+00	4.474066e+01	2.188603e+00
6.040313e+00	4.484439e+01	2.191996e+00
6.053775e+00	4.494723e+01	2.196017e+00
6.067237e+00	4.490960e+01	2.191290e+00
6.080700e+00	4.501092e+01	2.190035e+00
6.094162e+00	4.514997e+01	2.189639e+00
6.107624e+00	4.513085e+01	2.186635e+00
6.121087e+00	4.513634e+01	2.185332e+00
6.134549e+00	4.505262e+01	2.183794e+00
6.148011e+00	4.507611e+01	2.186319e+00
6.161474e+00	4.510110e+01	2.186015e+00
6.174936e+00	4.498074e+01	2.186376e+00
6.188398e+00	4.488512e+01	2.185954e+00
6.201860e+00	4.495314e+01	2.185810e+00
6.215323e+00	4.498813e+01	2.185634e+00
6.228785e+00	4.494678e+01	2.185348e+00
6.242247e+00	4.446689e+01	2.188700e+00
6.255710e+00	4.430224e+01	2.216352e+00
6.269172e+00	4.488813e+01	2.194798e+00
6.282634e+00	4.526114e+01	2.186507e+00
6.296097e+00	4.435897e+01	2.186561e+00
6.309559e+00	4.543498e+01	2.186583e+00
